1
10 5

1000
999 98
999 601
999 988
999 871
999 240
999 605
1000 987
1000 567
999 666
1000 724
999 551
1000 732
999 224
999 884
999 691
1000 15
1000 133
1000 421
1000 323
999 673
1000 50
999 2
1000 751
1000 733
1000 422
1000 517
999 667
1000 158
1000 62
1000 908
1000 263
1000 669
999 267
999 457
999 974
999 974
999 254
999 466
999 311
1000 396
1000 746
1000 573
999 587
999 137
1000 694
999 87
999 632
1000 295
1000 289
999 154
1000 360
999 8
999 739
1000 372
1000 763
999 490
1000 364
1000 792
999 550
999 956
999 207
1000 764
999 441
999 756
999 188
999 163
999 805
999 595
999 490
999 900
999 301
1000 11
1000 469
1000 37
1000 321
999 279
1000 29
1000 208
1000 807
999 173
1000 751
1000 760
999 24
999 551
1000 727
999 620
999 655
1000 509
1000 470
1000 617
1000 200
999 522
999 136
999 771
999 747
999 10
1000 715
999 258
1000 785
1000 203
999 198
999 352
1000 327
999 553
999 259
999 154
999 706
1000 658
999 63
999 314
999 916
999 402
999 385
1000 188
999 61
1000 11
999 861
999 120
999 293
1000 43
1000 391
999 512
1000 879
1000 419
999 42
999 784
999 488
1000 137
1000 509
999 328
999 666
1000 978
1000 9
999 823
999 415
999 68
999 35
999 181
1000 542
999 146
999 784
999 672
999 528
1000 898
999 845
1000 870
999 985
999 399
999 278
1000 209
1000 16
999 818
999 592
999 124
999 428
1000 872
1000 423
1000 991
999 913
1000 100
999 74
999 319
1000 8
999 347
999 88
999 239
999 781
1000 54
1000 892
1000 932
1000 424
1000 188
999 25
999 469
1000 118
999 358
999 857
999 308
1000 798
999 724
999 216
999 921
1000 109
999 107
999 105
999 869
999 820
999 70
999 448
999 418
1000 84
999 844
999 263
1000 929
1000 0
1000 791
999 81
999 115
999 729
1000 967
999 750
999 783
1000 951
999 598
1000 337
1000 153
1000 104
999 505
999 284
1000 647
1000 627
999 940
1000 874
1000 389
1000 456
1000 295
1000 391
1000 921
1000 538
1000 554
1000 377
1000 614
999 128
1000 301
1000 638
1000 302
1000 433
1000 7
999 499
1000 29
1000 591
999 141
999 524
1000 350
1000 659
999 723
999 265
999 587
1000 110
999 563
999 984
999 825
1000 32
1000 795
999 835
999 248
1000 539
999 500
999 549
999 318
1000 152
1000 105
1000 893
999 734
1000 675
999 575
1000 243
999 713
999 350
999 155
999 917
999 396
999 589
1000 389
1000 656
1000 90
1000 956
999 370
999 804
999 533
999 720
999 121
999 161
1000 771
999 28
1000 377
999 226
1000 338
1000 801
1000 406
1000 618
999 529
999 291
999 339
1000 911
999 646
1000 114
1000 101
999 695
1000 833
1000 632
999 160
1000 77
999 477
1000 78
1000 827
1000 432
1000 685
1000 894
1000 447
1000 12
999 459
1000 935
999 154
999 32
999 465
1000 488
1000 710
999 311
1000 295
1000 485
999 65
1000 31
999 970
1000 471
1000 319
999 964
1000 217
1000 593
1000 52
1000 92
999 222
1000 36
1000 619
999 799
1000 793
999 291
999 607
999 240
1000 62
999 864
999 697
1000 82
999 58
1000 37
999 580
1000 241
1000 967
1000 760
999 259
999 533
999 900
1000 493
999 336
999 894
1000 227
999 668
999 358
999 722
1000 284
1000 951
999 969
1000 272
999 387
999 780
1000 22
1000 475
1000 5
1000 892
999 497
999 169
1000 66
999 357
1000 169
999 806
999 637
999 866
999 172
1000 464
1000 978
999 416
999 274
999 237
1000 513
1000 550
1000 301
1000 49
999 852
999 467
999 607
999 283
1000 371
999 837
1000 902
1000 815
999 297
1000 437
1000 858
1000 532
1000 255
1000 59
999 135
1000 177
999 981
1000 238
999 579
1000 228
999 5
1000 500
999 446
999 512
1000 384
999 499
999 719
1000 779
999 192
999 371
999 613
999 366
1000 296
1000 206
1000 752
1000 43
1000 428
999 585
999 502
1000 907
999 82
999 220
999 394
1000 577
1000 761
1000 457
1000 424
1000 287
1000 517
999 401
1000 698
1000 680
999 72
1000 707
999 344
1000 715
999 543
999 979
1000 296
1000 284
1000 82
1000 965
999 375
1000 906
999 744
1000 896
1000 561
1000 771
1000 904
1000 234
1000 831
1000 931
999 413
1000 67
1000 361
999 990
1000 183
1000 400
1000 930
999 97
999 470
999 519
1000 966
999 220
999 468
999 28
1000 573
1000 643
1000 915
999 133
999 58
999 169
999 215
999 268
999 58
1000 597
1000 838
999 798
1000 848
1000 712
999 126
999 284
1000 387
1000 619
999 245
999 342
1000 392
1000 139
999 144
999 771
1000 465
1000 384
1000 697
1000 870
1000 579
1000 727
1000 558
1000 191
1000 208
999 865
1000 212
1000 55
999 983
1000 671
999 541
999 890
1000 159
999 85
999 430
1000 247
1000 379
999 407
1000 890
1000 827
1000 448
1000 96
999 228
999 741
999 696
1000 690
1000 525
1000 790
1000 299
1000 778
1000 16
1000 524
1000 905
1000 784
999 351
999 520
1000 451
1000 477
1000 705
999 671
999 886
999 689
999 442
1000 249
1000 774
999 40
999 543
999 927
999 403
1000 493
1000 451
1000 436
1000 65
999 361
1000 990
1000 932
1000 877
1000 917
999 776
999 72
999 856
1000 235
999 873
999 697
999 917
1000 878
1000 986
999 173
999 50
999 932
999 296
999 131
1000 104
1000 673
1000 623
999 616
1000 86
999 534
999 966
999 646
999 16
999 690
1000 422
999 814
1000 101
1000 455
999 770
1000 722
999 964
999 83
999 832
1000 752
1000 910
1000 61
999 336
1000 295
1000 748
999 644
1000 531
1000 831
999 111
1000 28
999 657
999 186
999 363
999 226
999 485
999 470
1000 463
999 810
1000 855
999 803
999 42
1000 633
1000 232
1000 954
1000 594
1000 582
1000 878
1000 508
999 158
999 408
999 755
1000 490
1000 239
999 700
1000 125
1000 682
1000 496
1000 285
1000 424
1000 505
1000 883
1000 447
999 885
1000 934
999 625
999 250
1000 78
1000 202
999 360
1000 148
1000 104
999 623
999 745
1000 75
1000 632
999 892
1000 23
999 942
999 931
999 825
999 966
999 734
1000 912
999 624
999 241
1000 920
1000 278
1000 176
999 713
999 844
1000 888
1000 229
999 845
999 379
1000 798
1000 630
999 844
999 559
999 928
999 326
999 621
999 166
999 377
999 115
999 575
1000 470
999 141
999 351
999 62
999 906
1000 268
999 79
999 289
1000 584
1000 802
999 129
999 378
1000 254
1000 461
999 840
1000 643
999 745
1000 215
1000 962
999 343
999 145
1000 203
1000 484
999 653
1000 401
999 181
1000 851
999 321
999 70
1000 887
1000 570
999 218
1000 504
999 981
1000 389
1000 620
1000 206
999 172
999 30
1000 171
1000 280
1000 496
1000 746
1000 33
1000 36
1000 299
999 736
1000 649
999 880
1000 562
999 858
1000 925
1000 950
999 446
999 364
999 742
999 146
999 731
1000 770
1000 60
1000 989
1000 230
1000 402
1000 372
999 19
1000 237
999 852
999 767
999 307
1000 544
999 389
1000 296
999 617
1000 832
999 652
1000 397
1000 1000
999 210
1000 392
1000 748
1000 691
1000 586
999 177
999 581
999 154
1000 243
999 917
1000 921
999 699
999 457
1000 901
1000 326
999 28
999 753
1000 874
1000 648
1000 957
1000 830
1000 573
999 405
999 271
999 104
999 597
1000 256
999 297
999 505
999 309
999 959
1000 893
1000 557
999 599
999 27
999 409
999 745
999 746
1000 21
999 485
999 65
999 120
999 150
1000 812
999 541
999 666
1000 265
1000 260
1000 847
999 688
999 899
1000 977
999 37
1000 304
1000 924
999 441
1000 250
999 345
999 655
1000 109
999 496
999 512
1000 257
999 462
1000 996
999 775
1000 274
1000 426
999 77
1000 34
1000 668
999 277
999 104
1000 402
1000 272
1000 598
999 798
999 145
999 524
1000 612
1000 312
999 28
1000 698
1000 951
1000 13
999 931
1000 353
1000 559
1000 274
1000 344
999 781
1000 141
999 273
999 876
999 460
999 699
1000 515
1000 751
999 234
1000 939
1000 208
1000 688
1000 98
1000 68
999 257
999 717
1000 951
1000 983
999 295
1000 389
1000 939
999 945
1000 554
999 177
1000 483
1000 150
1000 968
1000 436
1000 27
1000 177
999 83
999 713
999 383
1000 19
999 433
1000 866
1000 625
1000 875
999 996
1000 204
1000 111
1000 622
999 41
1000 183
1000 459
999 799
1000 69
1000 196
1000 348
999 658
1000 558
1000 39
999 428
1000 488
999 244
1000 76
1000 83
999 75
1000 175
999 254
999 179
1000 282
1000 712
1000 216
1000 875
999 309
999 737
999 414
999 49
1000 156
999 221
999 934
999 186
999 407
999 255
999 875
1000 116
999 370
999 406
999 558
999 478
999 374
999 559
999 296
999 752
999 617
999 872
1000 751
1000 17
999 944
1000 441
1000 472
999 376
1000 116
999 921
999 653
1000 572
999 701
1000 986
1000 302
1000 829
1000 319
999 918
1000 125
1000 137
1000 873
1000 789
999 887
999 620
1000 397
1000 979
999 949
1000 128
999 943
1000 978
999 287
1000 576
999 718
1000 69
1000 914
999 365
1000 686
999 656
1000 249
1000 856
999 159
999 461
1000 419
1000 132
1000 316
999 435
1000 95
1000 280
999 266
999 970
999 935
1000 663
1000 45
1000 231
999 503
999 357
1000 869
1000 200
999 22
999 923
999 633
999 167
999 151
999 275
999 913
999 910
1000 817
999 277
1000 666
1000 63
1000 761
1000 660
999 818
1000 512
1000 126
999 995
999 884
1000 303
999 151
1000 320
