624
442 767
544 759
489 758
377 758
587 752
573 750
484 748
486 746
437 741
509 741
319 730
602 741
445 728
352 718
345 713
560 731
468 719
515 721
669 739
239 678
485 710
591 724
424 694
553 714
439 690
611 721
390 672
552 705
290 642
412 668
351 648
520 689
439 664
261 611
491 674
444 657
282 604
483 663
474 658
479 656
407 627
644 711
500 655
389 609
574 679
405 607
494 641
426 609
554 661
379 578
513 637
429 593
519 634
504 624
498 618
555 645
487 605
520 621
556 638
423 557
310 486
499 596
567 636
427 545
556 624
503 586
543 609
456 546
661 686
521 583
526 583
348 443
370 456
476 532
569 604
419 478
538 572
476 516
567 590
480 510
508 530
519 535
510 523
627 630
573 574
569 567
573 566
604 596
503 483
636 625
535 508
619 601
516 478
468 417
528 482
633 607
594 555
631 598
552 491
575 518
598 545
658 623
617 563
581 507
577 497
674 636
574 479
632 564
634 563
611 520
527 374
651 579
634 544
525 341
539 359
645 552
564 387
569 390
548 337
626 491
592 411
635 495
589 385
667 556
623 447
591 357
635 459
646 480
683 569
596 321
656 478
645 440
660 473
673 508
640 393
689 544
657 423
671 463
678 476
684 486
678 455
697 522
701 527
690 471
672 360
730 646
720 587
700 463
680 320
713 513
705 435
696 337
708 397
734 607
713 371
726 489
725 434
725 379
741 590
742 566
737 384
740 339
745 423
747 335
751 351
753 403
754 567
757 531
766 350
765 427
770 405
770 455
783 323
760 631
781 432
786 427
782 489
784 495
788 490
787 510
786 533
823 344
808 446
814 428
818 428
822 428
819 454
817 472
835 414
835 430
839 430
853 390
878 317
866 376
850 441
861 419
807 584
836 507
861 443
857 464
877 421
907 358
871 454
932 319
844 533
820 592
890 441
895 439
880 477
860 524
928 391
860 535
902 461
873 522
925 435
874 530
853 570
926 453
925 461
850 587
945 438
881 546
855 588
912 506
900 527
1031 341
847 611
938 484
951 472
961 462
987 435
940 504
848 625
903 560
944 513
881 592
859 622
935 538
958 515
928 553
834 658
947 540
1015 473
850 647
993 506
1004 499
1026 483
970 542
992 525
975 545
934 585
1110 437
932 594
1052 498
1000 545
1017 536
973 575
1070 505
1063 516
959 596
1031 549
958 604
1066 532
933 627
1018 574
812 709
968 612
991 602
1013 592
977 618
954 634
928 651
955 639
1091 571
843 701
962 644
1130 564
1043 611
1006 631
990 641
1007 636
985 648
1119 594
1048 628
1073 622
1227 566
981 664
1062 636
1131 616
1134 619
1034 656
923 694
996 674
991 678
1058 661
881 713
1008 681
1107 659
1206 639
1188 648
936 709
1095 679
1060 690
1053 694
995 707
1073 697
1115 693
1030 709
992 717
1069 709
1106 709
1225 701
1069 721
1199 715
1127 725
988 737
1077 736
1114 738
1078 742
905 748
1170 749
1051 752
1053 756
974 757
1082 764
979 762
979 765
1045 773
920 765
1092 785
1109 791
968 776
1022 785
939 776
1023 790
1028 793
1078 805
1074 808
1102 817
1133 828
1145 834
868 776
1109 832
1049 823
1052 827
1103 844
1205 875
1066 839
980 817
1069 847
1090 857
1100 865
1053 853
1049 854
1109 880
1152 902
992 844
1076 881
1026 863
1003 856
1094 899
1207 954
1081 902
1073 901
835 791
933 841
880 816
1103 932
973 868
1072 925
976 875
1005 896
1051 927
962 878
1011 912
1136 996
926 865
945 880
934 875
1066 969
987 919
971 910
977 918
1085 1004
1208 1103
995 943
1056 998
897 871
994 954
972 940
1007 976
949 928
944 928
1111 1089
1042 1029
998 992
922 922
879 882
952 961
1044 1063
860 870
849 861
1008 1043
981 1019
1010 1057
953 995
1007 1068
924 968
954 1013
931 987
1009 1094
982 1066
908 969
943 1023
903 972
883 947
858 913
992 1123
900 987
873 947
960 1096
934 1060
917 1038
795 829
923 1063
906 1038
933 1096
874 989
906 1058
927 1106
949 1159
846 951
847 958
871 1015
818 904
886 1065
924 1166
896 1108
923 1183
856 1025
868 1064
871 1083
863 1069
828 980
819 961
880 1161
889 1207
839 1052
791 898
812 981
811 986
843 1131
828 1082
789 925
794 955
834 1165
798 994
787 948
809 1077
794 1006
779 934
806 1125
797 1090
787 1045
786 1069
783 1063
775 1018
777 1077
781 1169
777 1188
769 1127
757 941
761 1131
754 996
753 1098
749 908
746 988
742 1023
740 1010
738 992
734 1021
725 1115
728 1043
724 1048
714 1118
697 1224
717 1017
721 962
710 1030
691 1127
725 899
704 1014
666 1199
715 923
669 1134
670 1111
702 954
668 1087
681 1020
678 1024
642 1141
678 1000
667 1028
647 1083
634 1110
684 948
650 1040
621 1116
638 1058
632 1061
621 1082
675 936
544 1249
647 990
632 1016
654 960
676 908
557 1156
569 1121
661 925
607 1027
614 1007
627 975
589 1039
610 996
573 1054
576 1041
542 1089
595 996
593 993
698 828
566 1024
595 976
578 995
589 975
503 1090
623 921
534 1035
489 1088
655 870
536 1015
575 963
535 1007
577 952
596 928
575 946
537 985
548 968
574 936
570 936
574 929
491 1010
522 973
562 929
474 1009
493 987
554 927
614 870
595 884
498 965
447 1003
550 912
578 888
545 910
343 1063
470 960
462 961
467 953
536 901
421 977
458 948
524 899
549 879
570 863
298 1027
521 888
409 950
454 921
613 826
581 843
542 862
410 928
375 941
541 853
429 904
441 895
334 940
392 910
508 855
673 782
437 878
482 857
469 859
359 897
515 836
514 834
390 875
452 851
392 867
590 801
357 871
468 833
349 864
445 833
612 786
399 839
555 797
410 828
495 805
405 821
354 827
276 839
443 804
549 784
430 801
481 791
352 806
457 788
539 775
474 780
230 802
401 780
612 760
448 770

4
0 0
0 1
1 1
1 0

3
1043 770
551 990
681 463
