1
4
10
14
15
18
24
28
29
32
38
42
43
46
52
56
57
60
66
70
71
74
80
84
85
88
94
98
99
102
108
112
113
116
122
126
127
130
136
140
141
144
150
154
155
158
164
168
169
172
178
182
183
186
192
196
197
200
206
210
6
9
15
19
21
24
29
33
35
38
43
47
49
52
57
61
63
66
71
75
77
80
85
89
91
94
99
103
105
108
113
117
119
122
127
131
133
136
141
145
147
150
155
159
161
164
169
173
175
178
183
187
189
192
197
201
203
206
211
215
12
15
19
22
26
29
33
36
40
43
47
50
54
57
61
64
68
71
75
78
82
85
89
92
96
99
103
106
110
113
117
120
124
127
131
134
138
141
145
148
152
155
159
162
166
169
173
176
180
183
187
190
194
197
201
204
208
211
215
218
14
19
22
26
29
33
36
40
43
47
50
54
57
61
64
68
71
75
78
82
85
89
92
96
99
103
106
110
113
117
120
124
127
131
134
138
141
145
148
152
155
159
162
166
169
173
176
180
183
187
190
194
197
201
204
208
211
215
218
222
15
21
26
29
33
36
40
43
47
50
54
57
61
64
68
71
75
78
82
85
89
92
96
99
103
106
110
113
117
120
124
127
131
134
138
141
145
148
152
155
159
162
166
169
173
176
180
183
187
190
194
197
201
204
208
211
215
218
222
225
20
26
29
33
36
40
43
47
50
54
57
61
64
68
71
75
78
82
85
89
92
96
99
103
106
110
113
117
120
124
127
131
134
138
141
145
148
152
155
159
162
166
169
173
176
180
183
187
190
194
197
201
204
208
211
215
218
222
225
229
26
29
33
36
40
43
47
50
54
57
61
64
68
71
75
78
82
85
89
92
96
99
103
106
110
113
117
120
124
127
131
134
138
141
145
148
152
155
159
162
166
169
173
176
180
183
187
190
194
197
201
204
208
211
215
218
222
225
229
232
28
33
36
40
43
47
50
54
57
61
64
68
71
75
78
82
85
89
92
96
99
103
106
110
113
117
120
124
127
131
134
138
141
145
148
152
155
159
162
166
169
173
176
180
183
187
190
194
197
201
204
208
211
215
218
222
225
229
232
236
29
35
40
43
47
50
54
57
61
64
68
71
75
78
82
85
89
92
96
99
103
106
110
113
117
120
124
127
131
134
138
141
145
148
152
155
159
162
166
169
173
176
180
183
187
190
194
197
201
204
208
211
215
218
222
225
229
232
236
239
34
40
43
47
50
54
57
61
64
68
71
75
78
82
85
89
92
96
99
103
106
110
113
117
120
124
127
131
134
138
141
145
148
152
155
159
162
166
169
173
176
180
183
187
190
194
197
201
204
208
211
215
218
222
225
229
232
236
239
243
40
43
47
50
54
57
61
64
68
71
75
78
82
85
89
92
96
99
103
106
110
113
117
120
124
127
131
134
138
141
145
148
152
155
159
162
166
169
173
176
180
183
187
190
194
197
201
204
208
211
215
218
222
225
229
232
236
239
243
246
42
47
50
54
57
61
64
68
71
75
78
82
85
89
92
96
99
103
106
110
113
117
120
124
127
131
134
138
141
145
148
152
155
159
162
166
169
173
176
180
183
187
190
194
197
201
204
208
211
215
218
222
225
229
232
236
239
243
246
250
43
49
54
57
61
64
68
71
75
78
82
85
89
92
96
99
103
106
110
113
117
120
124
127
131
134
138
141
145
148
152
155
159
162
166
169
173
176
180
183
187
190
194
197
201
204
208
211
215
218
222
225
229
232
236
239
243
246
250
253
48
54
57
61
64
68
71
75
78
82
85
89
92
96
99
103
106
110
113
117
120
124
127
131
134
138
141
145
148
152
155
159
162
166
169
173
176
180
183
187
190
194
197
201
204
208
211
215
218
222
225
229
232
236
239
243
246
250
253
257
54
57
61
64
68
71
75
78
82
85
89
92
96
99
103
106
110
113
117
120
124
127
131
134
138
141
145
148
152
155
159
162
166
169
173
176
180
183
187
190
194
197
201
204
208
211
215
218
222
225
229
232
236
239
243
246
250
253
257
260
56
61
64
68
71
75
78
82
85
89
92
96
99
103
106
110
113
117
120
124
127
131
134
138
141
145
148
152
155
159
162
166
169
173
176
180
183
187
190
194
197
201
204
208
211
215
218
222
225
229
232
236
239
243
246
250
253
257
260
264
57
63
68
71
75
78
82
85
89
92
96
99
103
106
110
113
117
120
124
127
131
134
138
141
145
148
152
155
159
162
166
169
173
176
180
183
187
190
194
197
201
204
208
211
215
218
222
225
229
232
236
239
243
246
250
253
257
260
264
267
62
68
71
75
78
82
85
89
92
96
99
103
106
110
113
117
120
124
127
131
134
138
141
145
148
152
155
159
162
166
169
173
176
180
183
187
190
194
197
201
204
208
211
215
218
222
225
229
232
236
239
243
246
250
253
257
260
264
267
271
68
71
75
78
82
85
89
92
96
99
103
106
110
113
117
120
124
127
131
134
138
141
145
148
152
155
159
162
166
169
173
176
180
183
187
190
194
197
201
204
208
211
215
218
222
225
229
232
236
239
243
246
250
253
257
260
264
267
271
274
70
75
78
82
85
89
92
96
99
103
106
110
113
117
120
124
127
131
134
138
141
145
148
152
155
159
162
166
169
173
176
180
183
187
190
194
197
201
204
208
211
215
218
222
225
229
232
236
239
243
246
250
253
257
260
264
267
271
274
278
71
77
82
85
89
92
96
99
103
106
110
113
117
120
124
127
131
134
138
141
145
148
152
155
159
162
166
169
173
176
180
183
187
190
194
197
201
204
208
211
215
218
222
225
229
232
236
239
243
246
250
253
257
260
264
267
271
274
278
281
76
82
85
89
92
96
99
103
106
110
113
117
120
124
127
131
134
138
141
145
148
152
155
159
162
166
169
173
176
180
183
187
190
194
197
201
204
208
211
215
218
222
225
229
232
236
239
243
246
250
253
257
260
264
267
271
274
278
281
285
82
85
89
92
96
99
103
106
110
113
117
120
124
127
131
134
138
141
145
148
152
155
159
162
166
169
173
176
180
183
187
190
194
197
201
204
208
211
215
218
222
225
229
232
236
239
243
246
250
253
257
260
264
267
271
274
278
281
285
288
84
89
92
96
99
103
106
110
113
117
120
124
127
131
134
138
141
145
148
152
155
159
162
166
169
173
176
180
183
187
190
194
197
201
204
208
211
215
218
222
225
229
232
236
239
243
246
250
253
257
260
264
267
271
274
278
281
285
288
292
85
91
96
99
103
106
110
113
117
120
124
127
131
134
138
141
145
148
152
155
159
162
166
169
173
176
180
183
187
190
194
197
201
204
208
211
215
218
222
225
229
232
236
239
243
246
250
253
257
260
264
267
271
274
278
281
285
288
292
295
90
96
99
103
106
110
113
117
120
124
127
131
134
138
141
145
148
152
155
159
162
166
169
173
176
180
183
187
190
194
197
201
204
208
211
215
218
222
225
229
232
236
239
243
246
250
253
257
260
264
267
271
274
278
281
285
288
292
295
299
96
99
103
106
110
113
117
120
124
127
131
134
138
141
145
148
152
155
159
162
166
169
173
176
180
183
187
190
194
197
201
204
208
211
215
218
222
225
229
232
236
239
243
246
250
253
257
260
264
267
271
274
278
281
285
288
292
295
299
302
98
103
106
110
113
117
120
124
127
131
134
138
141
145
148
152
155
159
162
166
169
173
176
180
183
187
190
194
197
201
204
208
211
215
218
222
225
229
232
236
239
243
246
250
253
257
260
264
267
271
274
278
281
285
288
292
295
299
302
306
99
105
110
113
117
120
124
127
131
134
138
141
145
148
152
155
159
162
166
169
173
176
180
183
187
190
194
197
201
204
208
211
215
218
222
225
229
232
236
239
243
246
250
253
257
260
264
267
271
274
278
281
285
288
292
295
299
302
306
309
104
110
113
117
120
124
127
131
134
138
141
145
148
152
155
159
162
166
169
173
176
180
183
187
190
194
197
201
204
208
211
215
218
222
225
229
232
236
239
243
246
250
253
257
260
264
267
271
274
278
281
285
288
292
295
299
302
306
309
313
110
113
117
120
124
127
131
134
138
141
145
148
152
155
159
162
166
169
173
176
180
183
187
190
194
197
201
204
208
211
215
218
222
225
229
232
236
239
243
246
250
253
257
260
264
267
271
274
278
281
285
288
292
295
299
302
306
309
313
316
112
117
120
124
127
131
134
138
141
145
148
152
155
159
162
166
169
173
176
180
183
187
190
194
197
201
204
208
211
215
218
222
225
229
232
236
239
243
246
250
253
257
260
264
267
271
274
278
281
285
288
292
295
299
302
306
309
313
316
320
113
119
124
127
131
134
138
141
145
148
152
155
159
162
166
169
173
176
180
183
187
190
194
197
201
204
208
211
215
218
222
225
229
232
236
239
243
246
250
253
257
260
264
267
271
274
278
281
285
288
292
295
299
302
306
309
313
316
320
323
118
124
127
131
134
138
141
145
148
152
155
159
162
166
169
173
176
180
183
187
190
194
197
201
204
208
211
215
218
222
225
229
232
236
239
243
246
250
253
257
260
264
267
271
274
278
281
285
288
292
295
299
302
306
309
313
316
320
323
327
124
127
131
134
138
141
145
148
152
155
159
162
166
169
173
176
180
183
187
190
194
197
201
204
208
211
215
218
222
225
229
232
236
239
243
246
250
253
257
260
264
267
271
274
278
281
285
288
292
295
299
302
306
309
313
316
320
323
327
330
126
131
134
138
141
145
148
152
155
159
162
166
169
173
176
180
183
187
190
194
197
201
204
208
211
215
218
222
225
229
232
236
239
243
246
250
253
257
260
264
267
271
274
278
281
285
288
292
295
299
302
306
309
313
316
320
323
327
330
334
127
133
138
141
145
148
152
155
159
162
166
169
173
176
180
183
187
190
194
197
201
204
208
211
215
218
222
225
229
232
236
239
243
246
250
253
257
260
264
267
271
274
278
281
285
288
292
295
299
302
306
309
313
316
320
323
327
330
334
337
132
138
141
145
148
152
155
159
162
166
169
173
176
180
183
187
190
194
197
201
204
208
211
215
218
222
225
229
232
236
239
243
246
250
253
257
260
264
267
271
274
278
281
285
288
292
295
299
302
306
309
313
316
320
323
327
330
334
337
341
138
141
145
148
152
155
159
162
166
169
173
176
180
183
187
190
194
197
201
204
208
211
215
218
222
225
229
232
236
239
243
246
250
253
257
260
264
267
271
274
278
281
285
288
292
295
299
302
306
309
313
316
320
323
327
330
334
337
341
344
140
145
148
152
155
159
162
166
169
173
176
180
183
187
190
194
197
201
204
208
211
215
218
222
225
229
232
236
239
243
246
250
253
257
260
264
267
271
274
278
281
285
288
292
295
299
302
306
309
313
316
320
323
327
330
334
337
341
344
348
141
147
152
155
159
162
166
169
173
176
180
183
187
190
194
197
201
204
208
211
215
218
222
225
229
232
236
239
243
246
250
253
257
260
264
267
271
274
278
281
285
288
292
295
299
302
306
309
313
316
320
323
327
330
334
337
341
344
348
351
146
152
155
159
162
166
169
173
176
180
183
187
190
194
197
201
204
208
211
215
218
222
225
229
232
236
239
243
246
250
253
257
260
264
267
271
274
278
281
285
288
292
295
299
302
306
309
313
316
320
323
327
330
334
337
341
344
348
351
355
152
155
159
162
166
169
173
176
180
183
187
190
194
197
201
204
208
211
215
218
222
225
229
232
236
239
243
246
250
253
257
260
264
267
271
274
278
281
285
288
292
295
299
302
306
309
313
316
320
323
327
330
334
337
341
344
348
351
355
358
154
159
162
166
169
173
176
180
183
187
190
194
197
201
204
208
211
215
218
222
225
229
232
236
239
243
246
250
253
257
260
264
267
271
274
278
281
285
288
292
295
299
302
306
309
313
316
320
323
327
330
334
337
341
344
348
351
355
358
362
155
161
166
169
173
176
180
183
187
190
194
197
201
204
208
211
215
218
222
225
229
232
236
239
243
246
250
253
257
260
264
267
271
274
278
281
285
288
292
295
299
302
306
309
313
316
320
323
327
330
334
337
341
344
348
351
355
358
362
365
160
166
169
173
176
180
183
187
190
194
197
201
204
208
211
215
218
222
225
229
232
236
239
243
246
250
253
257
260
264
267
271
274
278
281
285
288
292
295
299
302
306
309
313
316
320
323
327
330
334
337
341
344
348
351
355
358
362
365
369
166
169
173
176
180
183
187
190
194
197
201
204
208
211
215
218
222
225
229
232
236
239
243
246
250
253
257
260
264
267
271
274
278
281
285
288
292
295
299
302
306
309
313
316
320
323
327
330
334
337
341
344
348
351
355
358
362
365
369
372
168
173
176
180
183
187
190
194
197
201
204
208
211
215
218
222
225
229
232
236
239
243
246
250
253
257
260
264
267
271
274
278
281
285
288
292
295
299
302
306
309
313
316
320
323
327
330
334
337
341
344
348
351
355
358
362
365
369
372
376
169
175
180
183
187
190
194
197
201
204
208
211
215
218
222
225
229
232
236
239
243
246
250
253
257
260
264
267
271
274
278
281
285
288
292
295
299
302
306
309
313
316
320
323
327
330
334
337
341
344
348
351
355
358
362
365
369
372
376
379
174
180
183
187
190
194
197
201
204
208
211
215
218
222
225
229
232
236
239
243
246
250
253
257
260
264
267
271
274
278
281
285
288
292
295
299
302
306
309
313
316
320
323
327
330
334
337
341
344
348
351
355
358
362
365
369
372
376
379
383
180
183
187
190
194
197
201
204
208
211
215
218
222
225
229
232
236
239
243
246
250
253
257
260
264
267
271
274
278
281
285
288
292
295
299
302
306
309
313
316
320
323
327
330
334
337
341
344
348
351
355
358
362
365
369
372
376
379
383
386
182
187
190
194
197
201
204
208
211
215
218
222
225
229
232
236
239
243
246
250
253
257
260
264
267
271
274
278
281
285
288
292
295
299
302
306
309
313
316
320
323
327
330
334
337
341
344
348
351
355
358
362
365
369
372
376
379
383
386
390
183
189
194
197
201
204
208
211
215
218
222
225
229
232
236
239
243
246
250
253
257
260
264
267
271
274
278
281
285
288
292
295
299
302
306
309
313
316
320
323
327
330
334
337
341
344
348
351
355
358
362
365
369
372
376
379
383
386
390
393
188
194
197
201
204
208
211
215
218
222
225
229
232
236
239
243
246
250
253
257
260
264
267
271
274
278
281
285
288
292
295
299
302
306
309
313
316
320
323
327
330
334
337
341
344
348
351
355
358
362
365
369
372
376
379
383
386
390
393
397
194
197
201
204
208
211
215
218
222
225
229
232
236
239
243
246
250
253
257
260
264
267
271
274
278
281
285
288
292
295
299
302
306
309
313
316
320
323
327
330
334
337
341
344
348
351
355
358
362
365
369
372
376
379
383
386
390
393
397
400
196
201
204
208
211
215
218
222
225
229
232
236
239
243
246
250
253
257
260
264
267
271
274
278
281
285
288
292
295
299
302
306
309
313
316
320
323
327
330
334
337
341
344
348
351
355
358
362
365
369
372
376
379
383
386
390
393
397
400
404
197
203
208
211
215
218
222
225
229
232
236
239
243
246
250
253
257
260
264
267
271
274
278
281
285
288
292
295
299
302
306
309
313
316
320
323
327
330
334
337
341
344
348
351
355
358
362
365
369
372
376
379
383
386
390
393
397
400
404
407
202
208
211
215
218
222
225
229
232
236
239
243
246
250
253
257
260
264
267
271
274
278
281
285
288
292
295
299
302
306
309
313
316
320
323
327
330
334
337
341
344
348
351
355
358
362
365
369
372
376
379
383
386
390
393
397
400
404
407
411
208
211
215
218
222
225
229
232
236
239
243
246
250
253
257
260
264
267
271
274
278
281
285
288
292
295
299
302
306
309
313
316
320
323
327
330
334
337
341
344
348
351
355
358
362
365
369
372
376
379
383
386
390
393
397
400
404
407
411
414
210
215
218
222
225
229
232
236
239
243
246
250
253
257
260
264
267
271
274
278
281
285
288
292
295
299
302
306
309
313
316
320
323
327
330
334
337
341
344
348
351
355
358
362
365
369
372
376
379
383
386
390
393
397
400
404
407
411
414
418
