2587673293641591333444922684212827282684185934985966568161623775844765869818231839655315139935283917
8316367721984838592282693133446625341275338241466354524729424384615647514615523763198353549484986131
7252931762992564114799667333186696451635689741575495455771175463552324516966676389939676451657782958
3423178757955912336293888671466458213667535126241333862655795639293176796723725984641411384575336234
8471141536798482891939235732467696891177427596478685537247657345842651259248761591996279381356995662
6316715265419394352411232298736351819377959616889178373857647275264889417525189329936856737242971553
1253247149272586874316983832959629665448715583123696122746947428514892241919166573693677162393363295
7165257275955188515942411666867642783662216332248174574412658519413815577625654175489256675529387932
1743799649779897816935989497965486143171485457628553152733715366283526698663385752459512116319441349
2917129149892188269797131817474779996375695983377599859594575576413867435974847842546655378572379826
2572497369623754484156141748228846117739863687111534725746998326968832944617332527165565868991225216
2539158446793421854535531685152433916491519511395132473355326642435853298433657996127464943581426247
7237991641189898399881635948713132371166863621888975588822244423456984487764483575971698738273281279
7954326477926895417872396666625173578821421679424489593727465191941738355933293754297778343862727264
2946652677943839361769869495299924911623462659885773695855248367159462164524517696196997674845198356
3643124827539155471726981395597777472673296737357971622113391593419348498158683648785124222327347821
9392639255692494188239432435835328722371815586978432232516691372744993893992372469195896737635557945
1687157365125134117146936145954455711786232765673979563745339133768155846666999878986196152615692798
6681661633493285652179548493231761122618847415252398696516386825262985545786823574462947316695931846
4233723794291343316691489816133817232988723927691542543652753684481795395368245836331544544827118298
5346336829957658486946977498222471281244598197396789439211443251676217871412879837561188559885945228
6257999951569141994227955556624861614757734636447527713949843788694917467916554148418533766819659989
3766199426757473863737874351514342322776262497964888998759171976674211894761345415565587913857536892
5456723446787724928976579166112573569755955228177613249577893657333674532369176556552555194314346896
1362869648421551179583161746613469824467679968558787645858814699956961622695445234811945613253415328
5318785714562262613768413963239496521488682885649568495771333177588956592872378816238964487962581376
5421643943629653956417835184225912265812995364128248659717584173836686285774978155286993981882629189
7186542693332764252284283862286888865931123328936416399492636295412865876135152553451226856887847676
4126442999291677494295493525682469964643679291778959123564657455916724258622917793222155467519968698
5758213299656266616912442214942521386674623784778512219932244265434621959331936817228633925261171813
6885349897782245826826114717441577128445492827487299745563569861372559463322485689952229333758474619
2778899394122364425454192283514158532389244668926687544447717916446449357738534388638996133755724153
3658935742827228567481578632664397759928328697515869633689921664389652213443883195578248786778434118
9938146289338726588273197752495344289484596128873991434153942394934512889842239546225432377419266277
6255275914876645254625582744436371162728633479529287431852241966146428552735618893796596677919975311
8193949139422113418547961852584913977251445689286132465224737479458425684452951156368172194565874453
7875437388644655258724275238343187744397197449156955937928974814728126776469745614161959821635397523
3237923928563855819658364541276183676644551936837524599164163339362757732178252491799698641299774773
6613878311588457376716497199749878769996365813336555158463653542769255592332638851698794446966397283
4339311879877122796859833683557154227513439133547612773617264821628535645543983324448385899141194422
6969311868992783712139723949988289932323813552428421817774937628898223334275692624987733711891149683
9865914386118181282947177265764718716112113621825752831924323845585527476861896425242739675637289395
7813542716686267413979628265465981192898677926841382782711345593591656122318558668316412766534421665
3976233335147175379324491451228622498287977941636823465858339752591751528941518877255197953517962644
9412865399932848879698165798464158133459878355692662195818145792381877592866672488254599862677355435
6224379467425981845829715525165648424971324485554665927136995759576281389518989542593894734813297127
3954462393283694786634462999875848934274336919619364121929611952431648425426188473311397814495758973
3946818865869817474195455986686894649765861335557641215388384634864992547934532613688222321484978491
5297742568831864927225865271874397434972117626535583619837694334417152738232911135638859398962664515
9392419438652378923541238154221559231612896297681383731662146519391469545711637119288152323843979941
9982198469936896145428921365369331376223283179528698687972142219351216973762256174623378134298677441
7735158164789491812164885883684293887768727813987832295233513765439798867383298398517624548684671518
7217833231365369946588511632147485791374128173162372739115131395253684822625513911374914973616698589
8618211469537446134835698517814958267846457424758849433158699693511536517974445583283986358866943951
3454823217141499962774672439832927665944721185814779421495597892798196462332676353172914752816459871
3522618368718283872946872965117117797283484215376215658394971162777571967785912499471189778278929261
8137158825495677329718192512279384423738464438371656488964683712573452828746118354334276394755428973
7739825679258123218323131489871188221669739281913187546551682295198349446959426785668478493436671725
9368388151111231545941784112514985789262396943853532652761134463287845246984381777824597579787672283
3263219958731239275437283879116811425124181349518524167771138556254119596898973389412863918787799631
6799631927267553969729164213626423294527627632951857393263332588676927582791773932282271275654432214
6547252955974874484456359894999745435567332563875787398841412742379629362457249285861558179826371819
9592496279173467324346189176321497643679495324181945649596751192386635682153248984516871113759949938
5411681317818561668878499923898118789216122757167682126114964387555116334553362722615649289618954866
1715198858511459488863972398562224914954798283413376719149179464791462216724884292192242979434749366
2449978878173725457275239446542897778628934893138533949389493841699468412288695843713136983225282922
4196775556277565367376672715271861235329371258934569158463563197281594661843891162152897433884791516
7521823451684476134435937861172766158883324684664846134626253642982578958389192436621397858636377633
9677736172974843367175551132655558333787385461262229457236891257969375294911132282247573636136462922
3316526548133277824684768277576524631259789821768544968249458239663791346258246114896723195115847538
5559665146962145953793874396795567313446652179383842484149884693355777318499967823713565815893253944
2945878227679154945889638227351882186526156426855353261233373172726229242721695894517238999332516271
3761811671812149317594434562979928462125842333729497193559322247753438161181638529693958696736319842
6655732723814415697761572842965835274413268393129135222269234517827396914411372698741887165427541749
4721472267997672847554331982417856954198666745389721492448422235823371562356653567484143845564589796
1694172923236617455481711821274915282883423564562316647516196732488896686956317147364956256711372951
9366785684961128399925893126721975477784871814514294721922988821136338381637148184874111667297122994
3115752177179721396725258898277177272962441794881428357688551866783418712521278559728255934436456824
5373638889219231934434624386182699389968869496266349262881877285864447155715536542985155227315662745
4558613294242463684287296566295733994958935831927672718262394664426553278949927416651664891819932921
3888521771924479269748174664422351277639469676452577494124958814955146437955887936437158339959838692
4247249233216821421719233659581283846288827496683276645461443573916533973529866362227885645843644386
9791468381654395944411526871578655782546376262713376613323364917971424142759131982545413319689955242
6352537493379824715887434358572566236463246442715196387958392351214143799548257263613136244868351378
1135799299922941732764988588928892114325691886883658785325897163768248163465542365352474333793584549
7368315855316758879742494778154559846271558954928823625493664686513272992955227453986817143415961899
7726947849342877137297283675967736946441843465669789312368283877845684457799458495133695351998234422
8774393689278365598225698751236481756144325595711375775325474178212667314216712294296143574891994752
6455359236141975586118916736586712692568533736699255991819622669535927199491939874979341388315182896
2998574335535481787599775471888442635518444338116175724446665172285851553948116371832368547223542681
4763544971656863156753862852661678566547426568244974715642683784155372268797927415421928299736663762
2582179515546451924287692458557649173888257417396914868296592161377286293889648676327225328859875992
4977646392785536299745447355412664192594525263528541485686548715154499316234465342493661492374198653
7841442795192859179946838386352496211862586913878858333517831643224289434361953696414116431621324283
9665291173146995516292942622625297152521676432531435999355741792384126714632277553375678672672488885
3332911621228794314983329938825474269992594976693394482412115298966656771429575794271699497728877916
9346966219781455494118319326154577564785317378363554463721141587732126132528112335527967635358369374
7484692437261547614916321671161537415519265555569667157787171273529953992226928378982271591553427442
8592787584458212324831119646298779294226519275255462251636798216657437657619672939117288118428538864
9261474574774137259471251868348171811872264453428495598486895187537516372816345474389514588175138639
