100
113 201
911 749
839 217
293 144
290 848
350 150
143 995
311 262
923 748
599 691
128 790
611 723
881 577
446 988
209 589
977 285
512 813
875 788
566 674
788 872
320 738
743 446
227 271
617 470
761 859
860 918
866 868
746 640
167 39
824 768
593 184
248 831
197 232
224 13
677 131
554 31
35 572
485 367
422 828
689 657
314 954
863 753
806 315
953 551
992 351
212 436
917 26
719 948
707 606
947 203
119 798
791 919
260 394
950 991
59 164
5 341
92 191
338 504
383 695
476 888
602 133
68 80
818 277
713 617
827 971
533 671
455 300
29 682
605 71
8 555
32 449
545 843
215 526
857 237
926 634
539 889
335 656
443 431
269 402
770 190
680 978
494 344
242 763
317 560
803 73
20 604
785 154
380 96
536 669
395 251
236 977
437 818
389 412
356 435
23 500
725 597
587 481
368 630
776 791
560 249
