104, 24, 41, 120, 21, 44, 123, 63, 122
81, 67, 129, 84, 71, 59, 28
32
109, 32, 69, 100, 40
73, 82, 76, 22, 61, 106, 42, 88, 116, 113, 91
51
49, 53, 66, 58
43, 86
114, 68
77, 119
57, 99
77, 119
57, 99
3
121
7
26, 72, 55, 39, 60, 62
103
29
43, 86
75, 124
105, 95
25, 47
87, 65, 23
87, 65
65, 23
87, 23
35, 52
43, 86
87, 65
65, 23
54, 64, 101, 102
101
102
101, 102, 74, 90
27, 18, 37
36, 107, 98
81, 82, 54, 70
7, 8, 17
16, 78, 87
34, 50, 61, 62
48
75, 124
75, 124
35, 52
63
3
37, 38
37, 38
81
34, 115
3
3
31
75, 124
31
79
36
16
36
31
31
72, 55
92, 93
34
50
111, 128
33, 96
83
75, 124
55, 104
75, 124
30, 112
33, 96
3
37, 38
85
94
45
127, 99
105, 95, 90
60
97, 78
74, 90
75, 124
101, 102
95, 105
117, 118
36, 107, 98, 87, 65, 23
